building...
(269.592, 500, -194.962),(0, -1, 0),146.849
(269.592, 500, -194.962),(0, -1, 0),-0
(269.592, 500, -194.962),(0, -1, 0),0
(331.749, 500, -300.348),(0, -1, 0),480.104
(331.749, 500, -300.348),(0, -1, 0),-0
(331.749, 500, -300.348),(0, -1, 0),0
(331.749, 500, -300.348),(0, -1, 0),-0
(400, 430.524, -360.886),(-1, 0, 0),482.55
(400, 430.524, -360.886),(-1, 0, 0),-0
(400, 430.524, -360.886),(-1, 0, 0),0
(400, 79.1495, -166.504),(-1, 0, 0),543.747
(400, 79.1495, -166.504),(-1, 0, 0),-0
(400, 376.353, -111.497),(-1, 0, 0),284.834
(134.142, 35.4163, -533.604),(-0.658581, 0.354163, 0.663958),671.769
(235.063, 61.3101, -529.207),(0.350632, 0.613101, 0.70793),-104.283
(297.853, 20.5296, -601.797),(0.978535, 0.205296, -0.0179664),-104.283
(320.327, 500, -193.907),(0, -1, 0),154.1
(400, 307.115, -108.227),(-1, 0, 0),145.345
(400, 307.115, -108.227),(-1, 0, 0),-0
(400, 307.115, -108.227),(-1, 0, 0),0
(400, 307.115, -108.227),(-1, 0, 0),-0
(189.706, -84.5574, -652.384),(-0.102938, -0.845574, -0.52384),-702.665
(-400, -104.829, -146.647),(1, 0, 0),1361.25
(400, 397.45, -226.016),(-1, 0, 0),161.587
(400, 397.45, -226.016),(-1, 0, 0),-0
(400, 397.45, -226.016),(-1, 0, 0),0
(400, 397.45, -226.016),(-1, 0, 0),-0
(400, 393.371, -115.66),(-1, 0, 0),122.056
(400, 393.371, -115.66),(-1, 0, 0),-0
(78.5126, -100.255, -363.105),(0.785126, 0.497449, 0.368948),2465.93
(-78.2327, -88.9058, -387.87),(-0.782327, 0.610942, 0.121301),-159.095
(-78.2327, -88.9058, -387.87),(-0.782327, 0.610942, 0.121301),1.42109e-14
(400, 463.108, -167.135),(-1, 0, 0),208.595
(400, 463.108, -167.135),(-1, 0, 0),-0
(400, 463.108, -167.135),(-1, 0, 0),0
(400, 463.108, -167.135),(-1, 0, 0),-0
(400, 463.108, -167.135),(-1, 0, 0),0
(-400, 155.569, -454.021),(1, 0, 0),996.095
(-400, 155.569, -454.021),(1, 0, 0),-0
(-400, 155.569, -454.021),(1, 0, 0),0
(-400, 155.569, -454.021),(1, 0, 0),-0
(400, 247.972, -129.019),(-1, 0, 0),194.516
(400, 247.972, -129.019),(-1, 0, 0),-0
(218.181, 500, -270.726),(0, -1, 0),260.73
(93.5694, 442.789, -700),(0, 0, 1),835.566
(93.5694, 442.789, -700),(0, 0, 1),-0
(93.5694, 442.789, -700),(0, 0, 1),0
(-177.632, 82.6168, -700),(0, 0, 1),980.747
(-177.632, 82.6168, -700),(0, 0, 1),-0
(-177.632, 82.6168, -700),(0, 0, 1),0
(-177.632, 82.6168, -700),(0, 0, 1),-0
(0.782547, -230.545, -340.739),(0.00782547, -0.805449, 0.592613),-508.892
(400, 383.284, -119.694),(-1, 0, 0),198.188
(400, 383.284, -119.694),(-1, 0, 0),-0
(400, 383.284, -119.694),(-1, 0, 0),0
(86.3892, 299.877, -700),(0, 0, 1),730.897
(86.3892, 299.877, -700),(0, 0, 1),-0
(86.3892, 299.877, -700),(0, 0, 1),0
(86.3892, 299.877, -700),(0, 0, 1),0
(367.128, 500, -155.766),(0, -1, 0),145.957
(274.517, 433.487, -700),(0, 0, 1),618.166
(274.517, 433.487, -700),(0, 0, 1),-0
(274.517, 433.487, -700),(0, 0, 1),0
(274.517, 433.487, -700),(0, 0, 1),-0
(339.039, 500, -184.781),(0, -1, 0),150.619
(-211.559, 500, -245.024),(0, -1, 0),652.095
(-211.559, 500, -245.024),(0, -1, 0),0
(-211.559, 500, -245.024),(0, -1, 0),-0
(-211.559, 500, -245.024),(0, -1, 0),0
(-211.559, 500, -245.024),(0, -1, 0),-0
(-400, 437.929, -307.279),(1, 0, 0),734.75
(-400, 437.929, -307.279),(1, 0, 0),-0
(-400, 437.929, -307.279),(1, 0, 0),0
(400, 21.6607, -236.881),(-1, 0, 0),642.698
(154.402, -300, -344.132),(0, 1, 0),1629.94
(154.402, -300, -344.132),(0, 1, 0),-0
(11.0855, -300, -201.742),(0, 1, 0),2070.95
(11.0855, -300, -201.742),(0, 1, 0),-0
(-400, 123.446, -118.571),(1, 0, 0),1772.96
(400, 414.115, -170.617),(-1, 0, 0),210.63
(400, 414.115, -170.617),(-1, 0, 0),-0
(400, 380.142, -202.024),(-1, 0, 0),176.263
(149.337, 500, -550.006),(0, -1, 0),609.247
(149.337, 500, -550.006),(0, -1, 0),-0
(149.337, 500, -550.006),(0, -1, 0),0
(355.6, 500, -127.298),(0, -1, 0),147.541
(355.6, 500, -127.298),(0, -1, 0),-0
(355.6, 500, -127.298),(0, -1, 0),0
(355.6, 500, -127.298),(0, -1, 0),-0
(355.6, 500, -127.298),(0, -1, 0),0
(400, 408.688, -102.805),(-1, 0, 0),120.259
(400, 408.688, -102.805),(-1, 0, 0),-0
(400, 408.688, -102.805),(-1, 0, 0),0
(400, 408.688, -102.805),(-1, 0, 0),-0
(400, 408.688, -102.805),(-1, 0, 0),0
(400, 450.556, -301.975),(-1, 0, 0),281.602
(400, 450.556, -301.975),(-1, 0, 0),-0
(400, 450.556, -301.975),(-1, 0, 0),0
(-400, 452.3, -601.436),(1, 0, 0),1307.65
(-400, 452.3, -601.436),(1, 0, 0),-0
(-400, 452.3, -601.436),(1, 0, 0),0
(-400, 452.3, -601.436),(1, 0, 0),-0
(-400, 452.3, -601.436),(1, 0, 0),0
(-400, 335.64, -292.253),(1, 0, 0),1222.39
(400, 262.086, -511.972),(-1, 0, 0),832.878
(400, 262.086, -511.972),(-1, 0, 0),0
(400, 167.73, -194.305),(-1, 0, 0),303.913
(400, 167.73, -194.305),(-1, 0, 0),0
(400, 167.73, -194.305),(-1, 0, 0),-0
(400, 167.73, -194.305),(-1, 0, 0),0
(400, 167.73, -194.305),(-1, 0, 0),0
(-400, 301.754, -225.294),(1, 0, 0),808.227
(-400, 301.754, -225.294),(1, 0, 0),-0
(-400, 301.754, -225.294),(1, 0, 0),0
(-400, 301.754, -225.294),(1, 0, 0),-0
(-400, 301.754, -225.294),(1, 0, 0),0
(144.208, 500, -158.043),(0, -1, 0),293.35
(144.208, 500, -158.043),(0, -1, 0),0
(144.208, 500, -158.043),(0, -1, 0),-0
(144.208, 500, -158.043),(0, -1, 0),0
(-400, 478.869, -137.314),(1, 0, 0),1055.08
(-283.286, 333.093, -700),(0, 0, 1),1689.86
(-283.286, 333.093, -700),(0, 0, 1),-0
(168.098, -300, -235.02),(0, 1, 0),742.609
(168.098, -300, -235.02),(0, 1, 0),-0
(168.098, -300, -235.02),(0, 1, 0),-0
(168.098, -300, -235.02),(0, 1, 0),0
(168.098, -300, -235.02),(0, 1, 0),-0
(80.3885, 500, -192.422),(0, -1, 0),297.576
(80.3885, 500, -192.422),(0, -1, 0),-0
(80.3885, 500, -192.422),(0, -1, 0),0
(80.3885, 500, -192.422),(0, -1, 0),-0
(68.6363, -300, -553.099),(0, 1, 0),1069.48
(10.1569, 396.824, -700),(0, 0, 1),773.611
(10.1569, 396.824, -700),(0, 0, 1),-0
(314.576, 500, -109.987),(0, -1, 0),116.409
(314.576, 500, -109.987),(0, -1, 0),-0
(314.576, 500, -109.987),(0, -1, 0),0
(314.576, 500, -109.987),(0, -1, 0),-0
(314.576, 500, -109.987),(0, -1, 0),0
(354.839, 500, -279.366),(0, -1, 0),237.296
(-135.24, 173.033, -478.265),(0.647596, 0.730327, 0.217353),872.146
(-177.097, 124.496, -405.791),(0.229032, 0.244957, 0.942094),-157.427
(-240.391, 53.0301, -421.499),(-0.403912, -0.469699, 0.785008),-96.7486
(-229.372, 61.5009, -412.507),(-0.293722, -0.384991, 0.874934),-18.7236
(400, 297.033, -155.34),(-1, 0, 0),194.053
(400, 297.033, -155.34),(-1, 0, 0),-0
(400, 390.527, -141.701),(-1, 0, 0),258.177
(400, 390.527, -141.701),(-1, 0, 0),-0
(400, 369.775, -238.084),(-1, 0, 0),243.07
(400, 369.775, -238.084),(-1, 0, 0),-0
(400, 74.3888, -313.246),(-1, 0, 0),1085.01
(400, 74.3888, -313.246),(-1, 0, 0),-0
(400, 74.3888, -313.246),(-1, 0, 0),0
(400, 74.3888, -313.246),(-1, 0, 0),-0
(400, 74.3888, -313.246),(-1, 0, 0),0
(-400, 454.901, -332.384),(1, 0, 0),823.555
(174.246, 54.7864, -520.406),(-0.257537, 0.547864, 0.795939),1629.81
(-243.448, 500, -302.868),(0, -1, 0),642.907
(-243.448, 500, -302.868),(0, -1, 0),-0
(-243.448, 500, -302.868),(0, -1, 0),0
(-156.034, 88.2213, -700),(0, 0, 1),984.414
(-156.034, 88.2213, -700),(0, 0, 1),-0
(-156.034, 88.2213, -700),(0, 0, 1),0
(-156.034, 88.2213, -700),(0, 0, 1),-0
(278.165, 500, -328.454),(0, -1, 0),299.615
(278.165, 500, -328.454),(0, -1, 0),-0
(357.567, 500, -210.738),(0, -1, 0),373.222
(357.567, 500, -210.738),(0, -1, 0),-0
(357.567, 500, -210.738),(0, -1, 0),0
(357.567, 500, -210.738),(0, -1, 0),-0
(357.567, 500, -210.738),(0, -1, 0),0
(400, 285.552, -256.877),(-1, 0, 0),610.613
(211.818, 500, -174.9),(0, -1, 0),156.205
(211.818, 500, -174.9),(0, -1, 0),-0
(211.818, 500, -174.9),(0, -1, 0),0
(211.818, 500, -174.9),(0, -1, 0),-0
(211.818, 500, -174.9),(0, -1, 0),0
(400, -42.2401, -274.92),(-1, 0, 0),639.879
(400, -42.2401, -274.92),(-1, 0, 0),0
(400, -42.2401, -274.92),(-1, 0, 0),-0
(400, -42.2401, -274.92),(-1, 0, 0),0
(400, -42.2401, -274.92),(-1, 0, 0),-0
(-400, -91.2322, -221.078),(1, 0, 0),1044.47
(-400, -91.2322, -221.078),(1, 0, 0),1.40272e-13
(-400, -91.2322, -221.078),(1, 0, 0),0
(400, 415.934, -128.651),(-1, 0, 0),414.823
(312.553, 500, -130.577),(0, -1, 0),112.509
(312.553, 500, -130.577),(0, -1, 0),-0
(312.553, 500, -130.577),(0, -1, 0),0
(238.312, 500, -135.154),(0, -1, 0),177.472
(238.312, 500, -135.154),(0, -1, 0),-0
(238.312, 500, -135.154),(0, -1, 0),0
(238.312, 500, -135.154),(0, -1, 0),-0
(168.322, -300, -142.439),(0, 1, 0),744.886
(400, 329.733, -165.564),(-1, 0, 0),193.069
(-400, 387.782, -390.676),(1, 0, 0),1072.88
(-400, 387.782, -390.676),(1, 0, 0),-0
(-400, 387.782, -390.676),(1, 0, 0),0
(-400, 387.782, -390.676),(1, 0, 0),-0
(-400, 387.782, -390.676),(1, 0, 0),0
(400, 306.267, -147.812),(-1, 0, 0),188.671
(400, 306.267, -147.812),(-1, 0, 0),-0
(-400, -198.183, -533.097),(1, 0, 0),1610.55
(-400, -198.183, -533.097),(1, 0, 0),-0
(-400, -198.183, -533.097),(1, 0, 0),0
(-400, -198.183, -533.097),(1, 0, 0),-0
(-400, -198.183, -533.097),(1, 0, 0),0
(-207.586, -300, -274.503),(0, 1, 0),1639.2
(-297.072, -300, -178.55),(0, 1, 0),977.284
(-297.072, -300, -178.55),(0, 1, 0),-0
(-297.072, -300, -178.55),(0, 1, 0),0
(-297.072, -300, -178.55),(0, 1, 0),-0
(-297.072, -300, -178.55),(0, 1, 0),-0
(-400, -140.907, -420.539),(1, 0, 0),1004.17
(-400, -140.907, -420.539),(1, 0, 0),0
(-400, -140.907, -420.539),(1, 0, 0),-0
(400, 303.789, -315.268),(-1, 0, 0),389.019
(-400, 174.405, -321.96),(1, 0, 0),907.137
(-400, 174.405, -321.96),(1, 0, 0),-0
(-400, 174.405, -321.96),(1, 0, 0),0
(-400, -213.935, -321.209),(1, 0, 0),1109.58
(-400, -213.935, -321.209),(1, 0, 0),-0
(57.1571, 500, -490.607),(0, -1, 0),693.957
(57.1571, 500, -490.607),(0, -1, 0),-0
(400, -208.142, -413.299),(-1, 0, 0),1116.75
(400, -208.142, -413.299),(-1, 0, 0),-0
(400, -208.142, -413.299),(-1, 0, 0),-0
(247.074, 74.3887, -552.563),(0.470745, 0.743887, 0.474375),934.487
(33.9975, 364.927, -700),(0, 0, 1),816.249
(33.9975, 364.927, -700),(0, 0, 1),-0
(-15.8089, -233.178, -346.788),(-0.158089, -0.831777, 0.532122),-696.397
(-27.9664, -234.017, -353.535),(-0.279664, -0.840172, 0.46465),-13.9297
